75
75
16
75
75
75
16
21
75
75
75
75
16
16
16
75
75
75
75
41
75
75
11
42
11
77
77
11
11
11
63
11
42
11
11
11
11
11
11
11
42
11
81
59
11
11
11
11
42
63
11
83
63
83
4
70
83
11
77
11
11
39
11
24
81
63
11
59
30
11
50
11
77
11
11
11
11
11
11
70
63
11
11
83
43
77
77
11
11
11
103
11
55
50
11
11
3
11
59
11
103
110
15
11
11
11
11
63
11
77
11
11
3
11
77
11
111
11
11
11
4
81
95
11
31
11
11
77
4
11
77
46
21
11
11
58
11
77
49
11
77
6
11
77
11
50
77
11
11
11
11
11
11
77
11
63
11
11
11
11
11
40
11
11
11
11
77
11
89
81
11
42
6
42
42
42
42
42
83
42
21
42
42
42
42
83
6
42
42
43
42
42
83
42
42
6
42
42
42
42
42
42
42
49
6
43
43
42
42
42
42
42
42
42
42
42
42
43
42
42
42
42
42
42
69
42
42
42
96
6
42
42
64
42
42
6
42
42
42
42
6
42
42
96
42
42
42
42
42
42
96
64
42
42
42
42
83
6
43
42
42
42
42
11
42
96
6
42
96
42
42
42
43
42
42
6
4
42
42
42
43
43
42
6
29
6
83
6
42
43
42
42
42
42
42
64
12
6
42
42
42
83
42
42
42
43
42
6
42
42
42
42
42
8
42
6
42
42
29
83
42
42
9
98
98
9
98
9
98
98
98
98
98
9
9
9
98
98
98
98
9
98
9
98
98
98
98
22
98
98
98
9
56
60
98
9
9
98
98
98
9
9
8
9
9
98
9
98
98
98
60
98
98
98
98
9
98
60
98
9
9
98
9
9
9
98
9
9
98
9
9
56
9
98
9
98
9
9
9
9
98
9
9
98
98
79
9
60
60
9
98
60
98
60
98
98
9
98
79
98
98
9
98
24
98
9
9
9
9
56
9
98
60
98
98
9
98
98
9
98
9
9
60
98
98
9
62
9
98
98
9
9
9
98
79
9
9
9
98
9
9
9
9
9
9
98
9
98
9
9
98
98
98
9
60
9
98
19
9
9
9
9
9
9
9
98
98
9
9
22
9
9
9
98
9
9
56
60
9
9
98
9
45
9
98
9
98
98
9
98
9
98
98
9
98
9
9
9
9
60
108
65
65
54
108
32
65
65
51
48
65
32
23
65
65
65
51
65
65
65
32
65
65
65
65
65
2
2
2
2
2
2
2
2
2
2
2
2
2
46
2
2
2
46
102
2
46
2
2
2
2
2
94
2
68
94
2
2
2
2
2
46
2
2
46
2
2
2
2
2
2
2
2
2
2
2
2
2
2
2
2
2
36
2
2
73
2
2
2
2
2
2
46
2
2
2
68
2
107
2
2
2
2
2
2
2
2
2
2
2
2
2
2
2
2
2
2
94
2
46
2
2
2
2
2
2
46
2
2
2
2
2
2
2
2
2
2
5
2
2
92
94
2
2
2
2
2
2
2
36
2
2
2
2
2
2
2
2
2
2
2
2
2
102
2
2
2
46
2
2
2
2
2
2
2
2
2
2
2
2
2
2
2
2
2
46
2
2
2
2
2
2
2
2
2
46
2
2
46
2
2
2
2
46
2
2
2
46
46
46
2
2
2
2
102
2
2
2
2
46
2
2
2
2
57
2
2
37
2
2
2
2
2
2
2
2
2
2
2
2
2
2
2
73
2
2
2
2
2
2
2
46
2
92
109
2
2
2
2
2
2
2
2
2
2
46
46
2
2
2
2
2
2
2
2
37
2
2
2
2
111
2
2
107
2
2
2
2
2
2
2
2
2
46
73
46
2
36
2
2
46
2
2
2
2
2
46
2
2
2
2
2
2
2
2
2
2
46
2
1
2
2
2
46
2
46
2
2
2
2
94
2
2
46
2
31
2
2
2
2
2
2
2
2
107
2
2
2
2
2
2
46
2
107
2
2
2
2
2
2
2
2
2
2
2
46
2
2
73
2
2
2
2
2
94
46
2
2
2
2
46
2
2
2
2
2
2
2
2
2
2
2
2
2
2
2
2
2
2
2
2
2
2
46
107
2
2
102
2
2
46
2
2
2
2
2
2
2
2
2
2
2
2
2
50
2
2
2
2
2
2
2
2
2
2
46
2
46
107
2
2
2
2
2
2
57
2
2
2
73
2
2
2
2
2
2
2
2
2
2
2
2
2
2
2
2
2
2
2
2
2
2
62
1
2
2
2
2
2
2
2
2
1
2
2
2
2
2
2
46
2
5
2
73
2
2
2
2
46
2
2
2
2
46
2
2
2
2
2
1
2
2
102
2
2
46
2
2
36
2
2
2
2
2
2
2
107
68
2
2
2
2
46
46
2
2
2
2
2
2
2
2
50
110
46
46
2
2
68
46
2
2
2
2
46
2
46
2
2
2
2
94
2
2
46
46
2
46
102
2
2
107
90
2
2
2
107
2
2
68
2
2
2
2
2
46
2
2
2
2
2
53
2
36
2
2
2
2
2
2
2
2
2
2
2
2
102
2
2
2
2
2
2
2
2
2
2
2
2
1
2
46
2
2
102
2
46
46
2
2
46
2
2
2
1
2
2
2
2
92
2
2
2
2
2
107
2
2
2
2
2
2
2
2
2
2
2
73
2
2
2
2
2
46
2
2
2
2
2
2
2
2
36
2
73
46
2
2
2
2
46
2
2
2
2
2
2
2
2
2
2
61
61
61
61
61
61
61
61
61
61
61
61
84
61
61
61
61
61
61
61
61
61
61
61
61
61
61
61
61
61
61
61
61
61
61
61
61
61
61
61
61
61
61
61
61
61
61
61
61
61
61
61
61
61
61
61
61
61
61
61
61
61
61
61
61
61
61
61
61
61
61
61
61
61
61
61
61
61
61
61
61
61
61
61
61
61
61
61
61
61
61
61
61
61
105
61
61
61
61
61
61
61
61
61
61
61
61
41
25
61
61
61
61
61
61
61
61
61
61
61
61
61
61
61
61
61
61
61
61
61
61
61
61
105
61
61
44
12
61
61
61
61
61
61
84
61
61
61
61
61
61
105
61
61
61
61
61
61
105
61
61
104
61
61
61
61
61
61
0
0
0
0
0
0
0
0
72
72
0
0
0
0
0
0
0
0
52
0
0
0
0
0
0
72
0
78
0
0
0
0
0
0
0
0
0
0
0
0
0
0
0
0
0
27
0
88
78
0
0
34
0
0
0
0
27
0
0
0
0
0
72
0
0
0
0
0
0
0
0
88
0
0
0
0
0
0
27
0
99
0
99
0
0
0
0
0
0
0
0
0
0
0
0
0
0
0
0
0
27
80
0
0
52
0
0
0
0
0
0
0
0
0
0
0
0
0
0
0
0
0
0
72
0
0
88
0
0
0
0
0
0
0
78
72
0
0
0
0
0
0
0
0
8
0
0
0
0
0
27
0
0
0
0
0
0
0
72
0
0
0
27
0
14
0
0
91
0
0
0
0
0
0
0
0
0
0
0
34
0
0
0
0
0
0
15
0
0
80
0
0
0
0
0
0
78
88
52
0
0
0
0
0
0
27
72
0
0
0
0
0
0
0
0
0
0
0
0
0
86
86
86
86
86
86
86
86
85
35
85
86
86
86
86
35
106
106
86
86
86
86
86
86
71
86
85
71
86
86
86
86
86
106
86
86
86
86
106
85
86
86
106
85
86
106
85
86
86
86
106
86
86
66
106
86
35
86
35
93
86
86
86
85
87
17
106
86
86
85
86
86
86
86
85
86
86
86
86
82
82
82
82
13
82
13
13
13
13
13
13
82
13
13
13
13
100
82
38
38
38
38
74
38
38
38
74
38
38
38
101
38
38
38
38
72
38
38
38
38
74
38
72
38
91
91
91
72
101
38
38
38
48
38
72
101
38
48
52
38
74
38
38
101
38
38
38
38
101
74
38
38
72
0
38
38
72
101
38
72
7
6
7
7
7
7
7
7
7
7
6
43
42
7
7
6
7
7
64
67
20
20
18
18
33
10
28
20
33
21
97
47
67
22
47
26
10
28
67
18
67
76
