105
6
53
58
1
150
169
108
54
55
55
123
15
55
186
39
39
41
110
18
1
50
53
58
48
24
50
45
182
198
138
135
20
54
139
196
106
58
48
4
58
18
55
115
49
37
59
67
15
82
88
61
93
87
74
59
59
45
5
52
13
20
86
70
26
81
80
13
49
5
85
43
6
57
88
37
12
70
40
63
86
56
189
69
68
100
199
47
46
103
81
60
122
9
59
66
162
19
88
59
66
66
65
45
61
144
41
24
86
194
87
74
42
57
133
91
52
65
104
114
148
149
115
183
15
27
116
175
27
154
21
36
42
128
146
116
27
71
143
181
27
2
137
60
180
178
17
80
14
152
155
200
27
114
2
74
56
23
9
51
96
27
161
159
193
192
176
11
9
77
63
134
57
47
3
27
27
60
6
41
25
190
35
64
21
56
36
51
167
19
101
9
78
68
3
17
56
63
59
147
64
184
20
56
64
191
61
38
38
197
64
126
63
59
12
27
177
142
183
51
64
187
174
28
56
111
16
51
51
64
28
131
157
113
127
129
35
160
64
21
64
64
11
16
195
141
59
67
82
59
62
70
95
70
70
74
70
115
90
22
56
46
19
158
45
76
136
165
10
166
30
7
30
15
70
26
89
89
43
89
45
4
84
92
79
70
65
45
119
70
170
44
75
83
164
172
156
70
29
32
87
25
59
97
94
89
24
109
31
151
163
7
121
31
73
140
45
132
14
83
59
32
10
118
12
45
29
85
45
32
70
99
115
72
84
171
45
69
89
33
42
8
130
145
173
23
40
59
117
34
8
5
188
102
59
40
153
8
117
185
44
125
107
179
35
45
98
5
22
47
62
40
168
112
121
124
67
120
