33
13
4
24
31
11
11
16
24
4
4
2
16
4
11
24
24
16
4
4
31
24
4
24
4
24
4
24
11
11
16
24
24
24
24
31
27
24
4
29
24
4
4
15
27
33
18
18
33
20
20
2
8
8
2
32
32
32
9
18
27
20
20
18
28
20
32
27
27
9
8
2
13
32
20
33
17
18
27
18
20
2
28
18
2
32
15
18
8
8
20
18
2
19
32
18
28
2
20
18
18
18
28
32
2
8
18
27
20
20
8
2
18
32
8
8
18
28
20
15
32
2
15
17
6
7
14
6
7
30
30
33
6
21
20
14
7
23
14
9
7
25
23
21
14
26
1
30
26
30
26
17
7
14
25
2
21
6
19
1
1
7
14
6
26
25
7
14
19
23
6
14
30
23
25
7
7
21
13
23
14
25
14
23
30
21
33
1
21
21
30
19
6
30
25
7
21
6
6
14
23
26
1
21
23
25
21
21
21
17
23
23
6
30
17
7
26
6
17
1
6
23
1
28
21
1
21
1
1
23
28
1
14
1
14
30
14
7
23
30
23
23
7
21
26
1
22
22
20
22
0
0
3
0
0
2
0
15
3
34
2
22
0
15
12
0
3
12
5
22
12
9
12
0
0
28
3
3
0
3
12
29
20
3
0
0
28
12
15
0
34
22
22
3
15
15
12
0
12
12
8
10
22
22
3
3
27
22
12
34
0
10
22
12
0
0
22
15
26
3
22
12
5
15
17
12
12
3
12
12
0
3
15
0
20
10
12
0
3
12
22
10
0
8
0
0
3
22
15
12
29
9
5
3
22
3
15
29
15
29
22
28
3
3
10
12
3
9
34
0
0
3
15
2
22
0
0
15
